#A                 
480   2.417883212 0.585243595 
420   2.073195458 0.660753071 
360   1.829886456 0.589742075 
300   2.032643958 0.580254989 
240   3.979115977 1.699901291 
180   2.062289562 0.455246373 
120   1.173190236 0.513713137 
60    0.462962963 0.803530433 
30    -0.42087542 0.378787879 
0     0           0.64997665  
#D               
480   2.54460665  0.749223559 
420   2.230332522 0.530279677 
360   1.865369019 0.384705311 
300   1.488819372 0.251848744 
240   1.419302514 1.315894626 
180   0.364963504 0.599078942 
120   0.243309002 0.412550486 
60    -0.28386050 0.482801334 
30    -0.23824007 0.304570424 
0     0           0.747457769 
#E              
480   3.599374022 0.676793579 
420   2.9342723   0.938967136 
360   2.89514867  0.65349347  
300   2.503912363 0.704225352 
240   1.956181534 0.275259141 
180   1.486697966 0.490997668 
120   1.056338028 0.435222916 
60    0.391236307 0.304938522 
30    0.195618153 0.211593385 
0     0           0.310534191 
#F             
480   3.393939394 0.874073036 
420   3.111111111 0.445361771 
360   2.303030303 0.320697129 
300   2.141414141 0.545454545 
240   3.368686869 1.132330505 
180   2.398989899 0.602234344 
120   1.725589226 1.132850912 
60    1.052188552 1.127308802 
30    0.126262626 0.631313131 
0     0           0.167029754 
#G            
480   6.505050505 0.53867845
420   6.02020202  0.861373964
360   5.373737374 1.112579379
300   4.767676768 0.606060606
240   4.242424242 0.749655568
180   2.505050505 0.568535244
120   2.060606061 0.514259477
60    0.484848485 0.445361771
30    0.04040404  0.449466575
0     0           0.792527081
#H 
480   3.599374022 1.099471479
420   3.169014085 0.621068383
360   2.582159624 0.612694044
300   2.503912363 0.423186769
240   2.11756651  0.396475925
180   1.72143975  1.154478613
120   0.469483568 0.728267233
60    0.273865415 0.595592228
30    -0.03912363 0.304938522
0     0           0.326746735
#I  
480   4.4221479   1.457825734 
420   2.675585284 0.724637681 
360   3.827573393 2.91458561  
300   1.300631735 0.884866659 
240   1.151988109 1.000242946 
180   1.136363636 0.441919192 
120   1.136363636 0.399277482 
60    0.420875421 0.528194461 
30    -0.37878788 0.480793757 
0     0           0.296112106 
#K  
480   3.72960373  2.02274062  
420   3.962703963 2.265993251 
360   1.864801865 1.231245934 
300   1.631701632 0.687546909 
240   0.932400932 0.526414442 
180   0.675990676 0.191511384 
120   0.757575758 1.316036106 
60    0.291375291 1.14373617  
30    -0.05827506 0.574534151 
0     0           0.285488315 
#L   
480   4.506604507 1.850175742 
420   3.224553225 1.211224341 
360   2.918609169 0.603807063 
300   1.942501943 0.462543936 
240   1.709401709 0.524475524 
180   2.952602953 0.969890267 
120   1.398601399 0.599978446 
60    0.558469308 0.455409154 
30    0.471056721 0.435812397 
0     0           0.455142755 
#M    
480   3.863002788 0.466562107 
420   3.305455994 0.49979691  
360   2.598566308 0.317707979 
300   2.986857826 0.358422939 
240   2.349661489 0.673203564 
180   1.393866985 0.921579965 
120   0.756670649 0.938843109 
60    0.955794504 0.981581644 
30    0.438072481 1.026019357 
0     0           0.781164685 
#N     
480   4.704301075 1.012641088 
420   4.719235364 1.119175269 
360   3.444842692 1.020788978 
300   3.604141776 0.696648972 
240   2.553763441 0.633608227 
180   2.449223417 0.760329872 
120   1.254480287 0.428397351 
60    0.806451613 0.317707979 
30    0.258861012 0.530955461 
0     0           0.428397351 
#R
480   1.365187713 0.486007039 
420   0.872203261 0.241333372 
360   0.644671976 0.170648464 
300   0.682593857 0.24794647  
240   0.758437619 0.241333372 
180   1.21350019  0.638508086 
120   0.872203261 0.638508086 
60    0.530906333 0.418001663 
30    0.341296928 0.385798065 
0     0           0.24794647  
#S 
480   1.537494284 0.321702041 
420   1.183127572 0.47940936  
360   0.874485597 0.659904301 
300   0.874485597 0.439936201 
240   0.988797439 0.181464425 
180   0.577274806 0.763753685 
120   0.411522634 0.535995959 
60    -0.05144033 0.290990445 
0     0           0.306182638 
#T  
480   1.371742112 0.597928524 
420   1.966163695 0.94291681  
360   1.508916324 0.274348422 
300   0.914494742 0.609615529 
240   0.685871056 0.274348422 
180   0.491540924 0.190497963 
120   0.337219936 0.212983197 
60    0.274348422 0.573840896 
0     0           0.548696845 
#V   
480   6.964969896 1.682586333 
420   6.441570881 1.799462955 
360   6.034482759 2.477146501 
300   4.549808429 0.846970267 
240   5.555555556 2.302215569 
180   6.034482759 1.778652069 
120   4.885057471 1.782999087 
60    2.729885057 0.547110137 
30    0.784243295 0.919788747 
0     0           1.447517362 
#W    
480   5.276848755 1.729779337 
420   4.607952434 0.747848822 
360   3.325901152 1.05231657  
300   1.895206243 0.881348289 
240   2.229654404 1.014125162 
180   3.325901152 0.755290287 
120   2.991452991 0.668896321 
60    1.895206243 1.093724463 
0     0           0.41338899  
#Y     
480   21.10164141 4.956913761 
420   22.55366162 1.584583384 
360   21.16477273 2.218820931 
300   19.90214646 1.626473867 
240   17.37689394 2.797970966 
180   16.49305556 4.453778794 
120   15.54608586 1.567513765 
60    7.771915584 0.554488678 
30    3.803661616 1.175158489 
0     0           0.263017074 
#Q 
480   15.7622739  1.888913633 
420   16.5374677  1.463146208 
360   14.42183463 0.730655771 
300   15.11627907 2.325581395 
240   14.42721792 1.738194321 
180   12.66149871 1.7549196   
120   9.517657192 1.866690346 
60    5.555555556 0.507483466 
30    2.551679587 0.679282622 
0     0           0.671337522 
#WT (Ral)
480   14.81481481 2.591236579
420   13.54435831 2.071792573
360   14.94401378 2.581555711
300   14.08268734 1.705475295
240   13.83505599 1.289680476
180   10.63738157 1.644434375
120   8.602497847 0.920724759
60    6.976744186 2.482671686
30    2.061800172 0.759461059
0     0           1.063441708
