#Time    WT          WT w/Ral        STD WT         STD WT w/Ral
480      15.7622739  14.81481481     1.888913633    2.591236579
420      16.5374677  13.54435831     1.463146208    2.071792573
360      14.42183463 14.94401378     0.730655771    2.581555711
300      15.11627907 14.08268734     2.325581395    1.705475295
240      14.42721792 13.83505599     1.738194321    1.289680476
180      12.66149871 10.63738157     1.7549196      1.644434375
120      9.517657192 8.602497847     1.866690346    0.920724759
60       5.555555556 6.976744186     0.507483466    2.482671686
30       2.551679587 2.061800172     0.679282622    0.759461059
0        0   0                       0.671337522    1.063441708
