#Time   WT              WT err         G            G err        H            H err       
480     15.7622739      1.888913633    6.505050505  0.53867845   3.599374022  1.099471479 
420     16.5374677      1.463146208    6.02020202   0.861373964  3.169014085  0.621068383 
360     14.42183463     0.730655771    5.373737374  1.112579379  2.582159624  0.612694044 
300     15.11627907     2.325581395    4.767676768  0.606060606  2.503912363  0.423186769 
240     14.42721792     1.738194321    4.242424242  0.749655568  2.11756651   0.396475925  
180     12.66149871     1.7549196      2.505050505  0.568535244  1.72143975   1.154478613  
120     9.517657192     1.866690346    2.060606061  0.514259477  0.469483568  0.728267233  
60      5.555555556     0.507483466    0.484848485  0.445361771  0.273865415  0.595592228  
30      2.551679587     0.679282622    0.04040404   0.449466575  -0.039123631 0.304938522  
0       0               0.671337522    0            0.792527081  0            0.326746735  
